{
  "nbformat": 4,
  "nbformat_minor": 0,
  "metadata": {
    "colab": {
      "name": "Harsh Shrivastava-21310011-Mid sem exam - Q-1 (e)",
      "provenance": [],
      "collapsed_sections": []
    },
    "kernelspec": {
      "name": "python3",
      "display_name": "Python 3"
    },
    "language_info": {
      "name": "python"
    }
  },
  "cells": [
    {
      "cell_type": "code",
      "metadata": {
        "id": "cyQyvJzGufyt"
      },
      "source": [
        "import numpy as np\n",
        "import math"
      ],
      "execution_count": null,
      "outputs": []
    },
    {
      "cell_type": "code",
      "metadata": {
        "id": "VwMXUikdurGx",
        "colab": {
          "base_uri": "https://localhost:8080/",
          "height": 130
        },
        "outputId": "6a9391b6-9eb0-4814-d4db-5f02d83ff7e5"
      },
      "source": [
        "# scara\n",
        "d6 = 0.05 (# wrist is added)\n",
        "def scara_invkin(x,y,z,d1,d2):\n",
        "    # using formulae from the textbook\n",
        "    r = abs((x**2+y**2-d1**2-d2**2)/(2*d1*d2))\n",
        "    theta2 = np.arctan(np.sqrt(abs(1-r**2))/r)\n",
        "    theta1 = np.arctan(y/x) - np.arctan((d2*np.sin(theta2))/(d1+d2*np.cos(theta2)))\n",
        "    d3 = -z - d6\n",
        "    # converting from radians to degrees\n",
        "    theta1_deg = theta1*180/np.pi\n",
        "    theta2_deg = theta2*180/np.pi\n",
        "    print(\"\\nInverse kinematics solution:\")\n",
        "    print(f\"theta1 = {theta1_deg} deg\")\n",
        "    print(f\"theta2 = {theta2_deg} deg\")\n",
        "    return theta1, theta2\n",
        "\n",
        "# standford\n",
        "def stanford_inverse_kinematics(endeffector_position,lengthsoflinks):\n",
        "    theta1 = np.arctan(endeffector_position[1]/endeffector_position[0])\n",
        "    r = np.sqrt(endeffector_position[0]**2 + endeffector_position[1]**2)\n",
        "    s = endeffector_position[2] - lengthsoflinks[0]\n",
        "    theta2 = np.arctan(s/r)\n",
        "    d3 = np.sqrt(r**2 + s**2) - lengthsoflinks[1]\n",
        "    print(\"First Solution: \\n\", \"Theta1 = \", theta1, \"\\n Theta2 =\", theta2,\"\\n Extension: \", d3, \"\\n\")\n",
        "    print(\"Second Solution: \\n\", \"Theta1 = \", np.pi + theta1, \"\\n Theta2 =\", np.pi - theta2,\"\\n Extension:\", d3)\n",
        "    return theta1, theta2,d3\n",
        "\n",
        "# inverse kinematics for puma\n",
        "def puma_inverse_kinematics(l1,l2,l3,xc,yc,zc):\n",
        "    theta1 = math.atan2(yc,xc)\n",
        "    D = (xc*xc+yc*yc+(zc-l1)*(zc-l1)-l2*l2-l3*l3)/(2*l2*l3)\n",
        "    if D>=1 or D<=-1:\n",
        "        print(\"singular configuration\")\n",
        "    if D>1 or D<-1:\n",
        "        print(\"outside workspace\")   \n",
        "    theta3 = (math.atan2((-math.sqrt(1-D*D)),D))\n",
        "    theta2 = math.atan2(l1-zc,(math.sqrt(xc*xc+yc*yc)))-math.atan2((l3*math.sin(theta3)),(l2+l3*math.cos(theta3)))\n",
        "    print(\"Theta1 = \",np.rad2deg(theta1),\"\\nTheta2 = \", np.rad2deg(theta2), \"\\nTheta3 = \", np.rad2deg(theta3))\n",
        "\n",
        "    return theta1,theta2,theta3\n",
        "\n",
        "def atransformation(LinkParameters):\n",
        "  a = LinkParameters[0]\n",
        "  d = LinkParameters[2]\n",
        "  alpha = LinkParameters[1]\n",
        "  theta = LinkParameters[3]\n",
        "  A = np.array([[[np.cos(theta), -np.sin(theta) * np.cos(alpha), np.sin(theta) * np.sin(alpha), a * np.cos(theta)],\n",
        "                  [np.sin(theta), np.cos(theta) * np.cos(alpha), -np.cos(theta) * np.sin(alpha), a * np.sin(theta)],\n",
        "                  [0, np.sin(alpha), np.cos(alpha), d],\n",
        "                  [0, 0, 0, 1]]])\n",
        "  return (A)\n",
        "\n",
        "# Homogenous Matrices Forward Kinematics from DH\n",
        "def forward_kinematics_homogenous_matrix(DH):\n",
        "    A = np.identity(4)\n",
        "    n = np.shape(DH)[0]\n",
        "\n",
        "    for i in range(n):\n",
        "        Anext = atransformation(DH[i])\n",
        "        A = np.matmul(A,Anext)\n",
        "\n",
        "    return A\n",
        "\n",
        "class Robot():\n",
        "  def __init__(self,robot_type):\n",
        "    self.robot_type = robot_type\n",
        "  \n",
        "  def calc_invk_and_fk(self):\n",
        "    if self.robot_type == 'SCARA':\n",
        "      print(\"Enter the length of links d1 and d2:\")\n",
        "      d1 = float(input(\"d1 = \"))\n",
        "      d2 = float(input(\"d2 = \"))\n",
        "      n = int(input(\"Enter the no. of end effector points:\"))\n",
        "      for i in range(n):\n",
        "        print(f\"Enter x, y, z cordinate of point {i+1}:\")\n",
        "        x = float(input(\"x = \"))\n",
        "        y = float(input(\"y = \"))\n",
        "        z = float(input(\"z = \"))\n",
        "        theta1, theta2 = scara_invkin(x,y,z,d1,d2)\n",
        "       \n",
        "    elif self.robot_type == \"STANFORD\":\n",
        "      print(\"Enter the length of links d1 and d2:\")\n",
        "      d1 = float(input(\"d1 = \"))\n",
        "      d2 = float(input(\"d2 = \"))\n",
        "      n = int(input(\"Enter the no. of end effector points:\"))\n",
        "      for i in range(n):\n",
        "        print(f\"Enter x, y, z cordinate of point {i+1}:\")\n",
        "        x = float(input(\"x = \"))\n",
        "        y = float(input(\"y = \"))\n",
        "        z = float(input(\"z = \"))\n",
        "        print(\"\\nInverse kinematics solution: \")\n",
        "        theta1, theta2, d3 = stanford_inverse_kinematics((x,y,z),(d1,d2))\n",
        "        \n",
        "    elif self.robot_type == \"PUMA\":\n",
        "      print(\"Enter the length of links l1, l2 and l3:\")\n",
        "      l1 = float(input(\"l1 = \"))\n",
        "      l2 = float(input(\"l2 = \"))\n",
        "      l3 = float(input(\"l3 = \"))\n",
        "      n = int(input(\"Enter the no. of end effector points:\"))\n",
        "      for i in range(n):\n",
        "        print(f\"Enter x, y, z cordinate of point {i+1}:\")\n",
        "        x = float(input(\"x = \"))\n",
        "        y = float(input(\"y = \"))\n",
        "        z = float(input(\"z = \"))\n",
        "        print(\"\\nInverse kinematics solution: \")\n",
        "        theta1, theta2, theta3 = puma_inverse_kinematics(l1, l2, l3, x, y, z)\n",
        "        print(\"\\nforward kinematics solution\")\n",
        "        #LinkParameters = [a, alpha, d, theta]\n",
        "        LinkParameters = [[l1, 0, 0, theta1], [l2, -np.pi/2, 0, theta2], [0, 0, 0, theta3]]\n",
        "        T = forward_kinematics_homogenous_matrix(LinkParameters)\n",
        "        print(\"Final transformation matrix: \")\n",
        "        print(T)"
      ],
      "execution_count": null,
      "outputs": [
        {
          "output_type": "error",
          "ename": "SyntaxError",
          "evalue": "ignored",
          "traceback": [
            "\u001b[0;36m  File \u001b[0;32m\"<ipython-input-4-16be64cf74ab>\"\u001b[0;36m, line \u001b[0;32m3\u001b[0m\n\u001b[0;31m    def scara_invkin(x,y,z,d1,d2):\u001b[0m\n\u001b[0m      ^\u001b[0m\n\u001b[0;31mSyntaxError\u001b[0m\u001b[0;31m:\u001b[0m invalid syntax\n"
          ]
        }
      ]
    },
    {
      "cell_type": "code",
      "metadata": {
        "id": "PHJMja59uupT"
      },
      "source": [
        "\"\"\"\n",
        "Inputs: \n",
        "A = (0.40, 0.06, 0.1)\n",
        "B = (0.40, 0.01, 0.1)\n",
        "C = (0.35, 0.01, 0.1)\n",
        "D = (0.35, 0.06, 0.1)\n",
        "\n",
        "\"\"\"\n",
        "# output for scara robot\n",
        "scara = Robot(\"SCARA\")"
      ],
      "execution_count": null,
      "outputs": []
    },
    {
      "cell_type": "code",
      "metadata": {
        "colab": {
          "base_uri": "https://localhost:8080/"
        },
        "id": "wBAdeAxuvcLw",
        "outputId": "36c55d3d-1858-4af7-ac4e-15d30ebb2eb8"
      },
      "source": [
        "scara.calc_invk_and_fk()"
      ],
      "execution_count": null,
      "outputs": [
        {
          "output_type": "stream",
          "name": "stdout",
          "text": [
            "Enter the length of links d1 and d2:\n",
            "d1 = 0.25\n",
            "d2 = 0.25\n",
            "Enter the no. of end effector points:4\n",
            "Enter x, y, z cordinate of point 1:\n",
            "x = 0.40\n",
            "y = 0.06\n",
            "z = 0.1\n",
            "\n",
            "Inverse kinematics solution:\n",
            "theta1 = -27.475770490137332 deg\n",
            "theta2 = 72.01307220017092 deg\n",
            "\n",
            "Forward kinematics solution:\n",
            "Final transformation matrix: \n",
            "[[[ 2.73969219e-01  4.61373469e-01 -8.43845596e-01  2.90293810e-01]\n",
            "  [-1.42472127e-01  8.87206020e-01  4.38824761e-01 -1.50961399e-01]\n",
            "  [ 9.51126995e-01 -4.23237934e-17  3.08800000e-01  2.37781749e-01]\n",
            "  [ 0.00000000e+00  0.00000000e+00  0.00000000e+00  1.00000000e+00]]]\n",
            "Enter x, y, z cordinate of point 2:\n",
            "x = 0.40\n",
            "y = .01\n",
            "z = 0.1\n",
            "\n",
            "Inverse kinematics solution:\n",
            "theta1 = -35.4139253154836 deg\n",
            "theta2 = 73.6920429992965 deg\n",
            "\n",
            "Forward kinematics solution:\n",
            "Final transformation matrix: \n",
            "[[[ 2.28848344e-01  5.79479266e-01 -7.82197044e-01  2.60958832e-01]\n",
            "  [-1.62717778e-01  8.14986982e-01  5.56164674e-01 -1.85549261e-01]\n",
            "  [ 9.59766305e-01 -4.40382989e-17  2.80800000e-01  2.39941576e-01]\n",
            "  [ 0.00000000e+00  0.00000000e+00  0.00000000e+00  1.00000000e+00]]]\n",
            "Enter x, y, z cordinate of point 3:\n",
            "x = 0.35\n",
            "y = 0.01\n",
            "z = 0.1\n",
            "\n",
            "Inverse kinematics solution:\n",
            "theta1 = -42.81334967502452 deg\n",
            "theta2 = 88.89985343328246 deg\n",
            "\n",
            "Forward kinematics solution:\n",
            "Final transformation matrix: \n",
            "[[[ 1.40845735e-02  6.79612242e-01 -7.33436313e-01  1.86914028e-01]\n",
            "  [-1.30485550e-02  7.33571538e-01  6.79486964e-01 -1.73165199e-01]\n",
            "  [ 9.99815663e-01 -6.00566790e-17  1.92000000e-02  2.49953916e-01]\n",
            "  [ 0.00000000e+00  0.00000000e+00  0.00000000e+00  1.00000000e+00]]]\n",
            "Enter x, y, z cordinate of point 4:\n",
            "x = 0.35\n",
            "y = 0.06\n",
            "z = 0.1\n",
            "\n",
            "Inverse kinematics solution:\n",
            "theta1 = -35.02031676483832 deg\n",
            "theta2 = 89.49579063247985 deg\n",
            "\n",
            "Forward kinematics solution:\n",
            "Final transformation matrix: \n",
            "[[[ 7.20674773e-03  5.73866867e-01 -8.18916895e-01  2.06538838e-01]\n",
            "  [-5.05002843e-03  8.18948606e-01  5.73844646e-01 -1.44729224e-01]\n",
            "  [ 9.99961279e-01 -6.06934954e-17  8.80000000e-03  2.49990320e-01]\n",
            "  [ 0.00000000e+00  0.00000000e+00  0.00000000e+00  1.00000000e+00]]]\n"
          ]
        }
      ]
    },
    {
      "cell_type": "code",
      "metadata": {
        "colab": {
          "base_uri": "https://localhost:8080/"
        },
        "id": "LQx2iAcrvgKd",
        "outputId": "82e9b158-27e5-461f-e3b5-13b1b19cecd5"
      },
      "source": [
        "stanford = Robot(\"STANFORD\")\n",
        "stanford.calc_invk_and_fk()"
      ],
      "execution_count": null,
      "outputs": [
        {
          "output_type": "stream",
          "name": "stdout",
          "text": [
            "Enter the length of links d1 and d2:\n",
            "d1 = 0.25\n",
            "d2 = 0.25\n",
            "Enter the no. of end effector points:4\n",
            "Enter x, y, z cordinate of point 1:\n",
            "x = 0.40\n",
            "y = 0.06\n",
            "z = 0.01\n",
            "\n",
            "Inverse kinematics solution: \n",
            "First Solution: \n",
            " Theta1 =  0.14888994760949725 \n",
            " Theta2 = -0.5355241819768428 \n",
            " Extension:  0.22031904065219388 \n",
            "\n",
            "Second Solution: \n",
            " Theta1 =  3.2904826011992903 \n",
            " Theta2 = 3.677116835566636 \n",
            " Extension: 0.22031904065219388\n",
            "\n",
            "Forward kinematics solution:\n",
            "Final transformation matrix: \n",
            "[[[ 8.50486511e-01  1.48340453e-01  5.04646217e-01  0.00000000e+00]\n",
            "  [ 1.27572977e-01 -9.88936353e-01  7.56969326e-02  0.00000000e+00]\n",
            "  [ 5.10291907e-01 -1.13892230e-16 -8.60001262e-01  0.00000000e+00]\n",
            "  [ 0.00000000e+00  0.00000000e+00  0.00000000e+00  1.00000000e+00]]]\n",
            "Enter x, y, z cordinate of point 2:\n",
            "x = 0.40\n",
            "y = 0.01\n",
            "z = 0.1\n",
            "\n",
            "Inverse kinematics solution: \n",
            "First Solution: \n",
            " Theta1 =  0.024994793618920156 \n",
            " Theta2 = -0.3586679747243447 \n",
            " Extension:  0.17731721238443 \n",
            "\n",
            "Second Solution: \n",
            " Theta1 =  3.1665874472087134 \n",
            " Theta2 = 3.500260628314138 \n",
            " Extension: 0.17731721238443\n",
            "\n",
            "Forward kinematics solution:\n",
            "Final transformation matrix: \n",
            "[[[ 9.36072754e-01  2.49921912e-02  3.50917638e-01  0.00000000e+00]\n",
            "  [ 2.34018189e-02 -9.99687646e-01  8.77294096e-03  0.00000000e+00]\n",
            "  [ 3.51027283e-01 -1.18568174e-16 -9.36365231e-01  0.00000000e+00]\n",
            "  [ 0.00000000e+00  0.00000000e+00  0.00000000e+00  1.00000000e+00]]]\n",
            "Enter x, y, z cordinate of point 3:\n",
            "x = 0.35\n",
            "y = 0.01\n",
            "z = 0.1\n",
            "\n",
            "Inverse kinematics solution: \n",
            "First Solution: \n",
            " Theta1 =  0.028563657838759998 \n",
            " Theta2 = -0.4047440841038663 \n",
            " Extension:  0.13091993909481814 \n",
            "\n",
            "Second Solution: \n",
            " Theta1 =  3.170156311428553 \n",
            " Theta2 = 3.546336737693659 \n",
            " Extension: 0.13091993909481814\n",
            "\n",
            "Forward kinematics solution:\n",
            "Final transformation matrix: \n",
            "[[[ 9.18828247e-01  2.85597739e-02  3.93622905e-01  0.00000000e+00]\n",
            "  [ 2.62522356e-02 -9.99592086e-01  1.12463687e-02  0.00000000e+00]\n",
            "  [ 3.93783535e-01 -1.17517303e-16 -9.19203203e-01  0.00000000e+00]\n",
            "  [ 0.00000000e+00  0.00000000e+00  0.00000000e+00  1.00000000e+00]]]\n",
            "Enter x, y, z cordinate of point 4:\n",
            "x = 0.35\n",
            "y = 0.06\n",
            "z = 0.1\n",
            "\n",
            "Inverse kinematics solution: \n",
            "First Solution: \n",
            " Theta1 =  0.16977827396833844 \n",
            " Theta2 = -0.3996744581806758 \n",
            " Extension:  0.13548670534792762 \n",
            "\n",
            "Second Solution: \n",
            " Theta1 =  3.311370927558132 \n",
            " Theta2 = 3.541267111770469 \n",
            " Extension: 0.13548670534792762\n",
            "\n",
            "Forward kinematics solution:\n",
            "Final transformation matrix: \n",
            "[[[ 9.07943115e-01  1.68963815e-01  3.83523831e-01  0.00000000e+00]\n",
            "  [ 1.55647391e-01 -9.85622255e-01  6.57469425e-02  0.00000000e+00]\n",
            "  [ 3.89118478e-01 -1.17638819e-16 -9.21187717e-01  0.00000000e+00]\n",
            "  [ 0.00000000e+00  0.00000000e+00  0.00000000e+00  1.00000000e+00]]]\n"
          ]
        }
      ]
    },
    {
      "cell_type": "code",
      "metadata": {
        "colab": {
          "base_uri": "https://localhost:8080/"
        },
        "id": "zTl8pGEKwKqQ",
        "outputId": "ea75640b-56e0-496c-c326-5c5c11a57c72"
      },
      "source": [
        "puma = Robot(\"PUMA\")\n",
        "puma.calc_invk_and_fk()"
      ],
      "execution_count": null,
      "outputs": [
        {
          "output_type": "stream",
          "name": "stdout",
          "text": [
            "Enter the length of links l1, l2 and l3:\n",
            "l1 = 0.25\n",
            "l2 = 0.25\n",
            "l3 = 0.25\n",
            "Enter the no. of end effector points:4\n",
            "Enter x, y, z cordinate of point 1:\n",
            "x = 0.40\n",
            "y = 0.06\n",
            "z = 0.1\n",
            "\n",
            "Inverse kinematics solution: \n",
            "Theta1 =  8.530765609948132 \n",
            "Theta2 =  50.71648614651107 \n",
            "Theta3 =  -60.73826046718986\n",
            "\n",
            "forward kinematics solution\n",
            "Final transformation matrix: \n",
            "[[[ 2.49940210e-01  4.46085940e-01 -8.59381886e-01  3.75067665e-01]\n",
            "  [ 4.20065866e-01  7.49721211e-01  5.11334308e-01  2.51930585e-01]\n",
            "  [ 8.72395873e-01 -4.88800000e-01  6.12323400e-17  0.00000000e+00]\n",
            "  [ 0.00000000e+00  0.00000000e+00  0.00000000e+00  1.00000000e+00]]]\n",
            "Enter x, y, z cordinate of point 2:\n",
            "x = 0.40\n",
            "y = 0.01\n",
            "z = 0.1\n",
            "\n",
            "Inverse kinematics solution: \n",
            "Theta1 =  1.4320961841646465 \n",
            "Theta2 =  51.83079015007421 \n",
            "Theta3 =  -62.561257903728745\n",
            "\n",
            "forward kinematics solution\n",
            "Final transformation matrix: \n",
            "[[[ 2.75624929e-01  5.30855530e-01 -8.01388361e-01  3.99458006e-01]\n",
            "  [ 3.69279757e-01  7.11235380e-01  5.98144376e-01  2.06595138e-01]\n",
            "  [ 8.87504006e-01 -4.60800000e-01  6.12323400e-17  0.00000000e+00]\n",
            "  [ 0.00000000e+00  0.00000000e+00  0.00000000e+00  1.00000000e+00]]]\n",
            "Enter x, y, z cordinate of point 3:\n",
            "x = 0.35\n",
            "y = 0.01\n",
            "z = 0.1\n",
            "\n",
            "Inverse kinematics solution: \n",
            "Theta1 =  1.6365770416167185 \n",
            "Theta2 =  63.56346074215649 \n",
            "Theta3 =  -80.74666588023383\n",
            "\n",
            "forward kinematics solution\n",
            "Final transformation matrix: \n",
            "[[[ 6.74477986e-02  4.13993166e-01 -9.07777755e-01  3.54760893e-01]\n",
            "  [ 1.45970663e-01  8.95964853e-01  4.19451484e-01  2.34084382e-01]\n",
            "  [ 9.86987011e-01 -1.60800000e-01  6.12323400e-17  0.00000000e+00]\n",
            "  [ 0.00000000e+00  0.00000000e+00  0.00000000e+00  1.00000000e+00]]]\n",
            "Enter x, y, z cordinate of point 4:\n",
            "x = 0.35\n",
            "y = 0.06\n",
            "z = 0.1\n",
            "\n",
            "Inverse kinematics solution: \n",
            "Theta1 =  9.727578551401603 \n",
            "Theta2 =  62.45827870524514 \n",
            "Theta3 =  -79.11723814462898\n",
            "\n",
            "forward kinematics solution\n",
            "Final transformation matrix: \n",
            "[[[ 5.77596438e-02  3.00428331e-01 -9.52053907e-01  3.22888143e-01]\n",
            "  [ 1.79747778e-01  9.34931750e-01  3.05930317e-01  2.80254430e-01]\n",
            "  [ 9.82015560e-01 -1.88800000e-01  6.12323400e-17  0.00000000e+00]\n",
            "  [ 0.00000000e+00  0.00000000e+00  0.00000000e+00  1.00000000e+00]]]\n"
          ]
        }
      ]
    },
    {
      "cell_type": "code",
      "metadata": {
        "id": "G6gy7XbWwtOF"
      },
      "source": [
        ""
      ],
      "execution_count": null,
      "outputs": []
    }
  ]
}